OPERATION M1 C1 M2 C2 SV ;

DATA CLIPPER C1 ;
POLYGON 420 350 480 350 480 450 420 450 420 350 ;
END DATA

DATA MERGE M2 ;
POLYGON 100 100 500 100 500 300 100 300 100 100 ;
POLYGON 700 200 700 350 850 350 850 200 700 200 ;
POLYGON 800 100 1100 100 1100 300 1000 300 1000 200 900 200 900 350 800 350 800 100 ;
END DATA

DATA MERGE M1 ;
POLYGON 550 450 750 450 750 200 550 200 550 450 ;
POLYGON 400 300 700 300 700 500 600 500 600 400 500 400 500 550 400 550 400 300 ;
END DATA

DATA CLIPPER C2 ;
POLYGON 200 200 200 350 350 350 350 200 200 200 ;
END DATA